0.000	0.000	30.000	50.000	33.210	33.210	0.000
1.000	0.000	30.000	30.000	33.220	33.220	0.000
2.000	0.000	30.000	30.000	33.240	33.240	0.000
3.000	0.000	30.000	30.000	33.210	33.210	0.000
4.000	0.000	30.000	30.000	33.230	33.230	0.000
5.000	0.000	30.000	30.000	33.100	33.100	0.000
6.000	0.000	30.000	30.000	33.210	33.210	0.000
7.000	0.000	30.000	30.000	33.230	33.230	0.000
8.000	0.000	70.000	30.000	33.220	33.220	0.000
9.000	0.000	70.000	70.000	33.270	33.270	0.000
10.000	0.000	70.000	70.000	33.170	33.170	0.000
11.000	0.000	70.000	70.000	33.220	33.220	0.000
12.000	0.000	30.000	70.000	33.170	33.170	0.000
13.000	0.000	30.000	30.000	33.160	33.160	0.000
14.000	0.000	30.000	30.000	33.110	33.110	0.000
15.000	0.000	30.000	30.000	33.220	33.220	0.000
16.000	0.000	30.000	30.000	33.120	33.120	0.000
17.000	0.000	30.000	30.000	33.160	33.160	0.000
18.000	0.000	30.000	30.000	33.120	33.120	0.000
19.000	0.000	30.000	30.000	33.170	33.170	0.000
20.000	0.000	30.000	30.000	33.080	33.080	0.000
21.000	0.000	30.000	30.000	33.070	33.070	0.000
22.000	0.000	30.000	30.000	33.080	33.080	0.000
23.000	0.000	30.000	30.000	33.070	33.070	0.000
24.000	0.000	30.000	30.000	33.010	33.010	0.000
25.000	0.000	30.000	30.000	33.060	33.060	0.000
26.000	0.000	30.000	30.000	33.090	33.090	0.000
27.000	0.000	30.000	30.000	33.080	33.080	0.000
28.000	0.000	70.000	30.000	33.000	33.000	0.000
29.000	0.000	70.000	70.000	33.010	33.010	0.000
30.000	0.000	70.000	70.000	32.950	32.950	0.000
31.000	0.000	70.000	70.000	33.010	33.010	0.000
32.000	0.000	30.000	70.000	32.900	32.900	0.000
33.000	0.000	30.000	30.000	32.880	32.880	0.000
34.000	0.000	30.000	30.000	32.870	32.870	0.000
35.000	0.000	30.000	30.000	32.840	32.840	0.000
36.000	0.000	70.000	30.000	32.840	32.840	0.000
37.000	0.000	70.000	70.000	32.800	32.800	0.000
38.000	0.000	70.000	70.000	32.830	32.830	0.000
39.000	0.000	70.000	70.000	32.710	32.710	0.000
40.000	0.000	30.000	70.000	32.780	32.780	0.000
41.000	0.000	30.000	30.000	32.730	32.730	0.000
42.000	0.000	30.000	30.000	32.790	32.790	0.000
43.000	0.000	30.000	30.000	32.690	32.690	0.000
44.000	0.000	30.000	30.000	32.730	32.730	0.000
45.000	0.000	30.000	30.000	32.770	32.770	0.000
46.000	0.000	30.000	30.000	32.710	32.710	0.000
47.000	0.000	30.000	30.000	32.750	32.750	0.000
48.000	0.000	70.000	30.000	32.730	32.730	0.000
49.000	0.000	70.000	70.000	32.760	32.760	0.000
50.000	0.000	70.000	70.000	32.740	32.740	0.000
51.000	0.000	70.000	70.000	32.810	32.810	0.000
52.000	0.000	70.000	70.000	32.790	32.790	0.000
53.000	0.000	70.000	70.000	32.710	32.710	0.000
54.000	0.000	70.000	70.000	32.740	32.740	0.000
55.000	0.000	70.000	70.000	32.660	32.660	0.000
56.000	0.000	70.000	70.000	32.720	32.720	0.000
57.000	0.000	70.000	70.000	32.680	32.680	0.000
58.000	0.000	70.000	70.000	32.700	32.700	0.000
59.000	0.000	70.000	70.000	32.730	32.730	0.000
60.000	0.000	70.000	70.000	32.680	32.680	0.000
61.000	0.000	70.000	70.000	32.690	32.690	0.000
62.000	0.000	70.000	70.000	32.710	32.710	0.000
63.000	0.000	70.000	70.000	32.720	32.720	0.000
64.000	0.000	70.000	70.000	32.750	32.750	0.000
65.000	0.000	70.000	70.000	32.700	32.700	0.000
66.000	0.000	70.000	70.000	32.870	32.870	0.000
67.000	0.000	70.000	70.000	32.810	32.810	0.000
68.000	0.000	30.000	70.000	32.820	32.820	0.000
69.000	0.000	30.000	30.000	32.870	32.870	0.000
70.000	0.000	30.000	30.000	32.900	32.900	0.000
71.000	0.000	30.000	30.000	32.940	32.940	0.000
72.000	0.000	70.000	30.000	32.940	32.940	0.000
73.000	0.000	70.000	70.000	32.990	32.990	0.000
74.000	0.000	70.000	70.000	33.030	33.030	0.000
75.000	0.000	70.000	70.000	33.100	33.100	0.000
76.000	0.000	30.000	70.000	33.090	33.090	0.000
77.000	0.000	30.000	30.000	33.100	33.100	0.000
78.000	0.000	30.000	30.000	33.180	33.180	0.000
79.000	0.000	30.000	30.000	33.100	33.100	0.000
80.000	0.000	70.000	30.000	33.210	33.210	0.000
81.000	0.000	70.000	70.000	33.170	33.170	0.000
82.000	0.000	70.000	70.000	33.230	33.230	0.000
83.000	0.000	70.000	70.000	33.240	33.240	0.000
84.000	0.000	30.000	70.000	33.230	33.230	0.000
85.000	0.000	30.000	30.000	33.280	33.280	0.000
86.000	0.000	30.000	30.000	33.190	33.190	0.000
87.000	0.000	30.000	30.000	33.280	33.280	0.000
88.000	0.000	70.000	30.000	33.310	33.310	0.000
89.000	0.000	70.000	70.000	33.330	33.330	0.000
90.000	0.000	70.000	70.000	33.340	33.340	0.000
91.000	0.000	70.000	70.000	33.330	33.330	0.000
92.000	0.000	30.000	70.000	33.310	33.310	0.000
93.000	0.000	30.000	30.000	33.310	33.310	0.000
94.000	0.000	30.000	30.000	33.360	33.360	0.000
95.000	0.000	30.000	30.000	33.330	33.330	0.000
96.000	0.000	70.000	30.000	33.360	33.360	0.000
97.000	0.000	70.000	70.000	33.440	33.440	0.000
98.000	0.000	70.000	70.000	33.330	33.330	0.000
99.000	0.000	70.000	70.000	33.350	33.350	0.000
100.000	0.000	70.000	70.000	33.400	33.400	0.000
101.000	0.000	70.000	70.000	33.420	33.420	0.000
102.000	0.000	70.000	70.000	33.410	33.410	0.000
103.000	0.000	70.000	70.000	33.410	33.410	0.000
104.000	0.000	70.000	70.000	33.330	33.330	0.000
105.000	0.000	70.000	70.000	33.360	33.360	0.000
106.000	0.000	70.000	70.000	33.420	33.420	0.000
107.000	0.000	70.000	70.000	33.400	33.400	0.000
108.000	0.000	30.000	70.000	33.470	33.470	0.000
109.000	0.000	30.000	30.000	33.410	33.410	0.000
110.000	0.000	30.000	30.000	33.430	33.430	0.000
111.000	0.000	30.000	30.000	33.510	33.510	0.000
112.000	0.000	30.000	30.000	33.480	33.480	0.000
113.000	0.000	30.000	30.000	33.480	33.480	0.000
114.000	0.000	30.000	30.000	33.480	33.480	0.000
115.000	0.000	30.000	30.000	33.550	33.550	0.000
116.000	0.000	30.000	30.000	33.580	33.580	0.000
117.000	0.000	30.000	30.000	33.660	33.660	0.000
118.000	0.000	30.000	30.000	33.540	33.540	0.000
119.000	0.000	30.000	30.000	33.600	33.600	0.000
120.000	0.000	30.000	30.000	33.620	33.620	0.000
121.000	0.000	30.000	30.000	33.600	33.600	0.000
122.000	0.000	30.000	30.000	33.620	33.620	0.000
123.000	0.000	30.000	30.000	33.600	33.600	0.000
124.000	0.000	30.000	30.000	33.660	33.660	0.000
125.000	0.000	30.000	30.000	33.510	33.510	0.000
126.000	0.000	30.000	30.000	33.590	33.590	0.000
127.000	0.000	30.000	30.000	33.510	33.510	0.000
128.000	0.000	70.000	30.000	33.600	33.600	0.000
129.000	0.000	70.000	70.000	33.540	33.540	0.000
130.000	0.000	70.000	70.000	33.490	33.490	0.000
131.000	0.000	70.000	70.000	33.460	33.460	0.000
132.000	0.000	70.000	70.000	33.400	33.400	0.000
133.000	0.000	70.000	70.000	33.480	33.480	0.000
134.000	0.000	70.000	70.000	33.360	33.360	0.000
135.000	0.000	70.000	70.000	33.340	33.340	0.000
136.000	0.000	30.000	70.000	33.360	33.360	0.000
137.000	0.000	30.000	30.000	33.240	33.240	0.000
138.000	0.000	30.000	30.000	33.290	33.290	0.000
139.000	0.000	30.000	30.000	33.300	33.300	0.000
140.000	0.000	30.000	30.000	33.280	33.280	0.000
141.000	0.000	30.000	30.000	33.300	33.300	0.000
142.000	0.000	30.000	30.000	33.270	33.270	0.000
143.000	0.000	30.000	30.000	33.270	33.270	0.000
144.000	0.000	30.000	30.000	33.260	33.260	0.000
145.000	0.000	30.000	30.000	33.250	33.250	0.000
146.000	0.000	30.000	30.000	33.290	33.290	0.000
147.000	0.000	30.000	30.000	33.220	33.220	0.000
148.000	0.000	70.000	30.000	33.290	33.290	0.000
149.000	0.000	70.000	70.000	33.270	33.270	0.000
150.000	0.000	70.000	70.000	33.280	33.280	0.000
151.000	0.000	70.000	70.000	33.230	33.230	0.000
152.000	0.000	30.000	70.000	33.240	33.240	0.000
153.000	0.000	30.000	30.000	33.220	33.220	0.000
154.000	0.000	30.000	30.000	33.220	33.220	0.000
155.000	0.000	30.000	30.000	33.200	33.200	0.000
156.000	0.000	70.000	30.000	33.160	33.160	0.000
157.000	0.000	70.000	70.000	33.130	33.130	0.000
158.000	0.000	70.000	70.000	33.140	33.140	0.000
159.000	0.000	70.000	70.000	33.080	33.080	0.000
160.000	0.000	30.000	70.000	33.200	33.200	0.000
161.000	0.000	30.000	30.000	33.180	33.180	0.000
162.000	0.000	30.000	30.000	33.040	33.040	0.000
163.000	0.000	30.000	30.000	33.070	33.070	0.000
164.000	0.000	70.000	30.000	33.100	33.100	0.000
165.000	0.000	70.000	70.000	33.100	33.100	0.000
166.137	0.000	70.000	70.000	33.040	33.040	0.000
167.000	0.000	70.000	70.000	33.050	33.050	0.000
168.000	0.000	70.000	70.000	33.020	33.020	0.000
169.000	0.000	70.000	70.000	33.040	33.040	0.000
170.000	0.000	70.000	70.000	33.110	33.110	0.000
171.000	0.000	70.000	70.000	33.060	33.060	0.000
172.000	0.000	30.000	70.000	33.030	33.030	0.000
173.000	0.000	30.000	30.000	33.060	33.060	0.000
174.000	0.000	30.000	30.000	33.040	33.040	0.000
175.000	0.000	30.000	30.000	33.160	33.160	0.000
176.000	0.000	30.000	30.000	33.010	33.010	0.000
177.000	0.000	30.000	30.000	33.180	33.180	0.000
178.000	0.000	30.000	30.000	33.160	33.160	0.000
179.000	0.000	30.000	30.000	33.110	33.110	0.000
180.000	0.000	70.000	30.000	33.110	33.110	0.000
181.000	0.000	70.000	70.000	33.220	33.220	0.000
182.000	0.000	70.000	70.000	33.190	33.190	0.000
183.000	0.000	70.000	70.000	33.170	33.170	0.000
184.000	0.000	70.000	70.000	33.270	33.270	0.000
185.000	0.000	70.000	70.000	33.240	33.240	0.000
186.000	0.000	70.000	70.000	33.250	33.250	0.000
187.000	0.000	70.000	70.000	33.190	33.190	0.000
188.000	0.000	30.000	70.000	33.200	33.200	0.000
189.000	0.000	30.000	30.000	33.210	33.210	0.000
190.000	0.000	30.000	30.000	33.160	33.160	0.000
191.000	0.000	30.000	30.000	33.160	33.160	0.000
192.000	0.000	30.000	30.000	33.110	33.110	0.000
193.000	0.000	30.000	30.000	33.090	33.090	0.000
194.000	0.000	30.000	30.000	33.160	33.160	0.000
195.000	0.000	30.000	30.000	33.220	33.220	0.000
196.000	0.000	70.000	30.000	33.200	33.200	0.000
197.000	0.000	70.000	70.000	33.230	33.230	0.000
198.000	0.000	70.000	70.000	33.250	33.250	0.000
199.000	0.000	70.000	70.000	33.330	33.330	0.000
200.000	0.000	30.000	70.000	33.270	33.270	0.000
201.000	0.000	30.000	30.000	33.330	33.330	0.000
202.000	0.000	30.000	30.000	33.260	33.260	0.000
203.000	0.000	30.000	30.000	33.260	33.260	0.000
204.000	0.000	70.000	30.000	33.200	33.200	0.000
205.000	0.000	70.000	70.000	33.220	33.220	0.000
206.000	0.000	70.000	70.000	33.200	33.200	0.000
207.000	0.000	70.000	70.000	33.220	33.220	0.000
208.000	0.000	70.000	70.000	33.190	33.190	0.000
209.000	0.000	70.000	70.000	33.230	33.230	0.000
210.000	0.000	70.000	70.000	33.220	33.220	0.000
211.000	0.000	70.000	70.000	33.250	33.250	0.000
212.000	0.000	70.000	70.000	33.230	33.230	0.000
213.000	0.000	70.000	70.000	33.230	33.230	0.000
214.000	0.000	70.000	70.000	33.240	33.240	0.000
215.000	0.000	70.000	70.000	33.230	33.230	0.000
216.000	0.000	70.000	70.000	33.220	33.220	0.000
217.000	0.000	70.000	70.000	33.210	33.210	0.000
218.000	0.000	70.000	70.000	33.270	33.270	0.000
219.000	0.000	70.000	70.000	33.320	33.320	0.000
220.000	0.000	70.000	70.000	33.210	33.210	0.000
221.000	0.000	70.000	70.000	33.310	33.310	0.000
222.000	0.000	70.000	70.000	33.230	33.230	0.000
223.000	0.000	70.000	70.000	33.340	33.340	0.000
224.000	0.000	70.000	70.000	33.360	33.360	0.000
225.000	0.000	70.000	70.000	33.390	33.390	0.000
226.000	0.000	70.000	70.000	33.420	33.420	0.000
227.000	0.000	70.000	70.000	33.430	33.430	0.000
228.000	0.000	30.000	70.000	33.470	33.470	0.000
229.000	0.000	30.000	30.000	33.520	33.520	0.000
230.000	0.000	30.000	30.000	33.570	33.570	0.000
231.000	0.000	30.000	30.000	33.580	33.580	0.000
232.000	0.000	70.000	30.000	33.610	33.610	0.000
233.000	0.000	70.000	70.000	33.700	33.700	0.000
234.000	0.000	70.000	70.000	33.680	33.680	0.000
235.000	0.000	70.000	70.000	33.760	33.760	0.000
236.000	0.000	70.000	70.000	33.700	33.700	0.000
237.000	0.000	70.000	70.000	33.740	33.740	0.000
238.000	0.000	70.000	70.000	33.770	33.770	0.000
239.000	0.000	70.000	70.000	33.800	33.800	0.000
240.000	0.000	70.000	70.000	33.930	33.930	0.000
241.000	0.000	70.000	70.000	33.840	33.840	0.000
242.000	0.000	70.000	70.000	33.940	33.940	0.000
243.000	0.000	70.000	70.000	33.930	33.930	0.000
244.000	0.000	70.000	70.000	33.970	33.970	0.000
245.000	0.000	70.000	70.000	33.930	33.930	0.000
246.000	0.000	70.000	70.000	33.960	33.960	0.000
247.000	0.000	70.000	70.000	33.940	33.940	0.000
248.000	0.000	30.000	70.000	34.000	34.000	0.000
249.000	0.000	30.000	30.000	34.000	34.000	0.000
250.000	0.000	30.000	30.000	34.040	34.040	0.000
251.000	0.000	30.000	30.000	34.060	34.060	0.000
252.000	0.000	30.000	30.000	34.080	34.080	0.000
253.000	0.000	30.000	30.000	34.090	34.090	0.000
254.000	0.000	30.000	30.000	34.050	34.050	0.000
255.000	0.000	30.000	30.000	34.140	34.140	0.000
256.000	0.000	70.000	30.000	34.190	34.190	0.000
257.000	0.000	70.000	70.000	34.200	34.200	0.000
258.000	0.000	70.000	70.000	34.220	34.220	0.000
259.000	0.000	70.000	70.000	34.180	34.180	0.000
260.000	0.000	70.000	70.000	34.220	34.220	0.000
261.000	0.000	70.000	70.000	34.280	34.280	0.000
262.000	0.000	70.000	70.000	34.260	34.260	0.000
263.000	0.000	70.000	70.000	34.330	34.330	0.000
264.000	0.000	30.000	70.000	34.250	34.250	0.000
265.000	0.000	30.000	30.000	34.230	34.230	0.000
266.000	0.000	30.000	30.000	34.250	34.250	0.000
267.000	0.000	30.000	30.000	34.220	34.220	0.000
268.000	0.000	70.000	30.000	34.210	34.210	0.000
269.000	0.000	70.000	70.000	34.200	34.200	0.000
270.000	0.000	70.000	70.000	34.200	34.200	0.000
271.000	0.000	70.000	70.000	34.230	34.230	0.000
272.000	0.000	70.000	70.000	34.250	34.250	0.000
273.000	0.000	70.000	70.000	34.220	34.220	0.000
274.000	0.000	70.000	70.000	34.250	34.250	0.000
275.000	0.000	70.000	70.000	34.290	34.290	0.000
276.180	0.000	70.000	70.000	34.260	34.260	0.000
277.000	0.000	70.000	70.000	34.260	34.260	0.000
278.000	0.000	70.000	70.000	34.230	34.230	0.000
279.000	0.000	70.000	70.000	34.220	34.220	0.000
280.000	0.000	30.000	70.000	34.230	34.230	0.000
281.000	0.000	30.000	30.000	34.210	34.210	0.000
282.000	0.000	30.000	30.000	34.230	34.230	0.000
283.000	0.000	30.000	30.000	34.290	34.290	0.000
284.000	0.000	70.000	30.000	34.270	34.270	0.000
285.000	0.000	70.000	70.000	34.290	34.290	0.000
286.000	0.000	70.000	70.000	34.310	34.310	0.000
287.000	0.000	70.000	70.000	34.380	34.380	0.000
288.000	0.000	70.000	70.000	34.340	34.340	0.000
289.000	0.000	70.000	70.000	34.370	34.370	0.000
290.000	0.000	70.000	70.000	34.410	34.410	0.000
291.000	0.000	70.000	70.000	34.420	34.420	0.000
292.000	0.000	70.000	70.000	34.400	34.400	0.000
293.000	0.000	70.000	70.000	34.390	34.390	0.000
294.000	0.000	70.000	70.000	34.400	34.400	0.000
295.000	0.000	70.000	70.000	34.440	34.440	0.000
296.000	0.000	30.000	70.000	34.390	34.390	0.000
297.000	0.000	30.000	30.000	34.330	34.330	0.000
298.000	0.000	30.000	30.000	34.350	34.350	0.000
299.000	0.000	30.000	30.000	34.510	34.510	0.000
300.000	0.000	30.000	30.000	34.460	34.460	0.000
301.000	0.000	30.000	30.000	34.460	34.460	0.000
302.000	0.000	30.000	30.000	34.460	34.460	0.000
303.000	0.000	30.000	30.000	34.400	34.400	0.000
304.000	0.000	70.000	30.000	34.470	34.470	0.000
305.000	0.000	70.000	70.000	34.510	34.510	0.000
306.000	0.000	70.000	70.000	34.520	34.520	0.000
307.000	0.000	70.000	70.000	34.500	34.500	0.000
308.000	0.000	30.000	70.000	34.570	34.570	0.000
309.000	0.000	30.000	30.000	34.510	34.510	0.000
310.000	0.000	30.000	30.000	34.600	34.600	0.000
311.000	0.000	30.000	30.000	34.510	34.510	0.000
312.000	0.000	70.000	30.000	34.500	34.500	0.000
313.000	0.000	70.000	70.000	34.540	34.540	0.000
314.000	0.000	70.000	70.000	34.470	34.470	0.000
315.000	0.000	70.000	70.000	34.430	34.430	0.000
316.000	0.000	30.000	70.000	34.540	34.540	0.000
317.000	0.000	30.000	30.000	34.430	34.430	0.000
318.000	0.000	30.000	30.000	34.460	34.460	0.000
319.000	0.000	30.000	30.000	34.490	34.490	0.000
320.000	0.000	70.000	30.000	34.440	34.440	0.000
321.000	0.000	70.000	70.000	34.400	34.400	0.000
322.000	0.000	70.000	70.000	34.480	34.480	0.000
323.000	0.000	70.000	70.000	34.420	34.420	0.000
324.000	0.000	30.000	70.000	34.340	34.340	0.000
325.000	0.000	30.000	30.000	34.390	34.390	0.000
326.000	0.000	30.000	30.000	34.440	34.440	0.000
327.000	0.000	30.000	30.000	34.370	34.370	0.000
328.000	0.000	30.000	30.000	34.330	34.330	0.000
329.000	0.000	30.000	30.000	34.250	34.250	0.000
330.000	0.000	30.000	30.000	34.270	34.270	0.000
331.000	0.000	30.000	30.000	34.320	34.320	0.000
332.000	0.000	70.000	30.000	34.290	34.290	0.000
333.000	0.000	70.000	70.000	34.320	34.320	0.000
334.000	0.000	70.000	70.000	34.280	34.280	0.000
335.000	0.000	70.000	70.000	34.200	34.200	0.000
336.000	0.000	30.000	70.000	34.270	34.270	0.000
337.000	0.000	30.000	30.000	34.190	34.190	0.000
338.000	0.000	30.000	30.000	34.230	34.230	0.000
339.000	0.000	30.000	30.000	34.160	34.160	0.000
340.000	0.000	70.000	30.000	34.140	34.140	0.000
341.000	0.000	70.000	70.000	34.120	34.120	0.000
342.000	0.000	70.000	70.000	34.080	34.080	0.000
343.000	0.000	70.000	70.000	34.140	34.140	0.000
344.000	0.000	30.000	70.000	34.100	34.100	0.000
345.000	0.000	30.000	30.000	34.120	34.120	0.000
346.000	0.000	30.000	30.000	34.010	34.010	0.000
347.000	0.000	30.000	30.000	34.050	34.050	0.000
348.000	0.000	30.000	30.000	34.110	34.110	0.000
349.000	0.000	30.000	30.000	34.060	34.060	0.000
350.000	0.000	30.000	30.000	34.050	34.050	0.000
351.000	0.000	30.000	30.000	34.040	34.040	0.000
352.000	0.000	30.000	30.000	34.040	34.040	0.000
353.000	0.000	30.000	30.000	34.040	34.040	0.000
354.000	0.000	30.000	30.000	34.050	34.050	0.000
355.000	0.000	30.000	30.000	34.050	34.050	0.000
356.000	0.000	70.000	30.000	34.020	34.020	0.000
357.000	0.000	70.000	70.000	33.990	33.990	0.000
358.000	0.000	70.000	70.000	33.990	33.990	0.000
359.000	0.000	70.000	70.000	33.980	33.980	0.000
360.000	0.000	30.000	70.000	33.970	33.970	0.000
361.000	0.000	30.000	30.000	33.780	33.780	0.000
362.000	0.000	30.000	30.000	33.840	33.840	0.000
363.000	0.000	30.000	30.000	33.820	33.820	0.000
364.000	0.000	30.000	30.000	33.770	33.770	0.000
365.000	0.000	30.000	30.000	33.760	33.760	0.000
366.000	0.000	30.000	30.000	33.790	33.790	0.000
367.000	0.000	30.000	30.000	33.790	33.790	0.000
368.000	0.000	70.000	30.000	33.750	33.750	0.000
369.000	0.000	70.000	70.000	33.770	33.770	0.000
370.000	0.000	70.000	70.000	33.710	33.710	0.000
371.000	0.000	70.000	70.000	33.670	33.670	0.000
372.000	0.000	30.000	70.000	33.670	33.670	0.000
373.000	0.000	30.000	30.000	33.670	33.670	0.000
374.000	0.000	30.000	30.000	33.560	33.560	0.000
375.000	0.000	30.000	30.000	33.580	33.580	0.000
376.000	0.000	70.000	30.000	33.620	33.620	0.000
377.000	0.000	70.000	70.000	33.580	33.580	0.000
378.000	0.000	70.000	70.000	33.580	33.580	0.000
379.000	0.000	70.000	70.000	33.580	33.580	0.000
380.000	0.000	70.000	70.000	33.560	33.560	0.000
381.000	0.000	70.000	70.000	33.540	33.540	0.000
382.000	0.000	70.000	70.000	33.460	33.460	0.000
383.000	0.000	70.000	70.000	33.540	33.540	0.000
384.000	0.000	30.000	70.000	33.540	33.540	0.000
385.000	0.000	30.000	30.000	33.530	33.530	0.000
386.000	0.000	30.000	30.000	33.480	33.480	0.000
387.000	0.000	30.000	30.000	33.460	33.460	0.000
388.000	0.000	70.000	30.000	33.490	33.490	0.000
389.000	0.000	70.000	70.000	33.440	33.440	0.000
390.000	0.000	70.000	70.000	33.430	33.430	0.000
391.000	0.000	70.000	70.000	33.570	33.570	0.000
392.000	0.000	30.000	70.000	33.480	33.480	0.000
393.000	0.000	30.000	30.000	33.530	33.530	0.000
394.000	0.000	30.000	30.000	33.520	33.520	0.000
395.000	0.000	30.000	30.000	33.500	33.500	0.000
396.000	0.000	30.000	30.000	33.540	33.540	0.000
397.000	0.000	30.000	30.000	33.460	33.460	0.000
398.000	0.000	30.000	30.000	33.540	33.540	0.000
399.000	0.000	30.000	30.000	33.650	33.650	0.000
400.000	0.000	30.000	30.000	33.490	33.490	0.000
401.000	0.000	30.000	30.000	33.570	33.570	0.000
402.000	0.000	30.000	30.000	33.520	33.520	0.000
403.000	0.000	30.000	30.000	33.670	33.670	0.000
404.000	0.000	70.000	30.000	33.570	33.570	0.000
405.000	0.000	70.000	70.000	33.580	33.580	0.000
406.000	0.000	70.000	70.000	33.510	33.510	0.000
407.000	0.000	70.000	70.000	33.540	33.540	0.000
408.000	0.000	70.000	70.000	33.550	33.550	0.000
409.000	0.000	70.000	70.000	33.530	33.530	0.000
410.000	0.000	70.000	70.000	33.520	33.520	0.000
411.000	0.000	70.000	70.000	33.590	33.590	0.000
412.000	0.000	30.000	70.000	33.470	33.470	0.000
413.000	0.000	30.000	30.000	33.470	33.470	0.000
414.000	0.000	30.000	30.000	33.430	33.430	0.000
415.000	0.000	30.000	30.000	33.460	33.460	0.000
416.000	0.000	30.000	30.000	33.400	33.400	0.000
417.000	0.000	30.000	30.000	33.390	33.390	0.000
418.000	0.000	30.000	30.000	33.390	33.390	0.000
419.000	0.000	30.000	30.000	33.410	33.410	0.000
420.000	0.000	70.000	30.000	33.390	33.390	0.000
421.000	0.000	70.000	70.000	33.390	33.390	0.000
422.000	0.000	70.000	70.000	33.460	33.460	0.000
423.000	0.000	70.000	70.000	33.460	33.460	0.000
424.000	0.000	70.000	70.000	33.420	33.420	0.000
425.000	0.000	70.000	70.000	33.430	33.430	0.000
426.000	0.000	70.000	70.000	33.420	33.420	0.000
427.000	0.000	70.000	70.000	33.390	33.390	0.000
428.000	0.000	70.000	70.000	33.390	33.390	0.000
429.000	0.000	70.000	70.000	33.370	33.370	0.000
430.000	0.000	70.000	70.000	33.380	33.380	0.000
431.000	0.000	70.000	70.000	33.340	33.340	0.000
432.000	0.000	30.000	70.000	33.310	33.310	0.000
433.000	0.000	30.000	30.000	33.400	33.400	0.000
434.000	0.000	30.000	30.000	33.430	33.430	0.000
435.000	0.000	30.000	30.000	33.380	33.380	0.000
436.000	0.000	30.000	30.000	33.390	33.390	0.000
437.000	0.000	30.000	30.000	33.460	33.460	0.000
438.000	0.000	30.000	30.000	33.460	33.460	0.000
439.000	0.000	30.000	30.000	33.420	33.420	0.000
440.000	0.000	70.000	30.000	33.520	33.520	0.000
441.000	0.000	70.000	70.000	33.550	33.550	0.000
442.000	0.000	70.000	70.000	33.580	33.580	0.000
443.000	0.000	70.000	70.000	33.570	33.570	0.000
444.000	0.000	70.000	70.000	33.570	33.570	0.000
445.000	0.000	70.000	70.000	33.540	33.540	0.000
446.000	0.000	70.000	70.000	33.550	33.550	0.000
447.000	0.000	70.000	70.000	33.560	33.560	0.000
448.000	0.000	70.000	70.000	33.550	33.550	0.000
449.000	0.000	70.000	70.000	33.520	33.520	0.000
450.000	0.000	70.000	70.000	33.530	33.530	0.000
451.000	0.000	70.000	70.000	33.540	33.540	0.000
452.000	0.000	70.000	70.000	33.640	33.640	0.000
453.000	0.000	70.000	70.000	33.560	33.560	0.000
454.000	0.000	70.000	70.000	33.560	33.560	0.000
455.000	0.000	70.000	70.000	33.570	33.570	0.000
456.000	0.000	30.000	70.000	33.500	33.500	0.000
457.000	0.000	30.000	30.000	33.600	33.600	0.000
458.000	0.000	30.000	30.000	33.620	33.620	0.000
459.000	0.000	30.000	30.000	33.600	33.600	0.000
460.000	0.000	30.000	30.000	33.690	33.690	0.000
461.000	0.000	30.000	30.000	33.660	33.660	0.000
462.000	0.000	30.000	30.000	33.680	33.680	0.000
463.000	0.000	30.000	30.000	33.680	33.680	0.000
464.000	0.000	30.000	30.000	33.830	33.830	0.000
465.000	0.000	30.000	30.000	33.760	33.760	0.000
466.000	0.000	30.000	30.000	33.750	33.750	0.000
467.000	0.000	30.000	30.000	33.900	33.900	0.000
468.000	0.000	70.000	30.000	33.820	33.820	0.000
469.000	0.000	70.000	70.000	33.820	33.820	0.000
470.000	0.000	70.000	70.000	33.870	33.870	0.000
471.000	0.000	70.000	70.000	33.750	33.750	0.000
472.000	0.000	70.000	70.000	33.720	33.720	0.000
473.000	0.000	70.000	70.000	33.860	33.860	0.000
474.000	0.000	70.000	70.000	33.800	33.800	0.000
475.000	0.000	70.000	70.000	33.780	33.780	0.000
476.000	0.000	30.000	70.000	33.720	33.720	0.000
477.000	0.000	30.000	30.000	33.800	33.800	0.000
478.000	0.000	30.000	30.000	33.770	33.770	0.000
479.000	0.000	30.000	30.000	33.630	33.630	0.000
480.000	0.000	70.000	30.000	33.690	33.690	0.000
481.000	0.000	70.000	70.000	33.680	33.680	0.000
482.000	0.000	70.000	70.000	33.670	33.670	0.000
483.000	0.000	70.000	70.000	33.780	33.780	0.000
484.000	0.000	70.000	70.000	33.690	33.690	0.000
485.000	0.000	70.000	70.000	33.760	33.760	0.000
486.000	0.000	70.000	70.000	33.810	33.810	0.000
487.000	0.000	70.000	70.000	33.760	33.760	0.000
488.000	0.000	30.000	70.000	33.770	33.770	0.000
489.000	0.000	30.000	30.000	33.810	33.810	0.000
490.000	0.000	30.000	30.000	33.750	33.750	0.000
491.000	0.000	30.000	30.000	33.780	33.780	0.000
492.000	0.000	30.000	30.000	33.710	33.710	0.000
493.000	0.000	30.000	30.000	33.740	33.740	0.000
494.000	0.000	30.000	30.000	33.780	33.780	0.000
495.000	0.000	30.000	30.000	33.820	33.820	0.000
496.000	0.000	30.000	30.000	33.800	33.800	0.000
497.000	0.000	30.000	30.000	33.850	33.850	0.000
498.000	0.000	30.000	30.000	33.810	33.810	0.000
499.000	0.000	30.000	30.000	33.860	33.860	0.000
500.000	0.000	30.000	30.000	33.840	33.840	0.000
501.000	0.000	30.000	30.000	33.830	33.830	0.000
502.000	0.000	30.000	30.000	33.850	33.850	0.000
503.000	0.000	30.000	30.000	33.800	33.800	0.000
504.000	0.000	70.000	30.000	33.730	33.730	0.000
505.000	0.000	70.000	70.000	33.790	33.790	0.000
506.000	0.000	70.000	70.000	33.760	33.760	0.000
507.000	0.000	70.000	70.000	33.820	33.820	0.000
508.000	0.000	30.000	70.000	33.610	33.610	0.000
509.000	0.000	30.000	30.000	33.670	33.670	0.000
510.000	0.000	30.000	30.000	33.710	33.710	0.000
511.000	0.000	30.000	30.000	33.660	33.660	0.000
512.000	0.000	30.000	30.000	33.640	33.640	0.000
513.000	0.000	30.000	30.000	33.600	33.600	0.000
514.000	0.000	30.000	30.000	33.590	33.590	0.000
515.000	0.000	30.000	30.000	33.600	33.600	0.000
516.000	0.000	30.000	30.000	33.550	33.550	0.000
517.000	0.000	30.000	30.000	33.550	33.550	0.000
518.000	0.000	30.000	30.000	33.550	33.550	0.000
519.000	0.000	30.000	30.000	33.520	33.520	0.000
520.000	0.000	70.000	30.000	33.560	33.560	0.000
521.000	0.000	70.000	70.000	33.500	33.500	0.000
522.000	0.000	70.000	70.000	33.470	33.470	0.000
523.000	0.000	70.000	70.000	33.310	33.310	0.000
524.000	0.000	30.000	70.000	33.450	33.450	0.000
525.000	0.000	30.000	30.000	33.410	33.410	0.000
526.000	0.000	30.000	30.000	33.430	33.430	0.000
527.000	0.000	30.000	30.000	33.350	33.350	0.000
528.000	0.000	70.000	30.000	33.310	33.310	0.000
529.000	0.000	70.000	70.000	33.310	33.310	0.000
530.000	0.000	70.000	70.000	33.340	33.340	0.000
531.000	0.000	70.000	70.000	33.280	33.280	0.000
532.000	0.000	70.000	70.000	33.260	33.260	0.000
533.000	0.000	70.000	70.000	33.250	33.250	0.000
534.000	0.000	70.000	70.000	33.260	33.260	0.000
535.000	0.000	70.000	70.000	33.270	33.270	0.000
536.000	0.000	70.000	70.000	33.280	33.280	0.000
537.000	0.000	70.000	70.000	33.210	33.210	0.000
538.000	0.000	70.000	70.000	33.200	33.200	0.000
539.000	0.000	70.000	70.000	33.260	33.260	0.000
540.000	0.000	30.000	70.000	33.190	33.190	0.000
541.000	0.000	30.000	30.000	33.230	33.230	0.000
542.000	0.000	30.000	30.000	33.240	33.240	0.000
543.000	0.000	30.000	30.000	33.260	33.260	0.000
544.000	0.000	70.000	30.000	33.220	33.220	0.000
545.000	0.000	70.000	70.000	33.260	33.260	0.000
546.000	0.000	70.000	70.000	33.300	33.300	0.000
547.000	0.000	70.000	70.000	33.300	33.300	0.000
548.000	0.000	30.000	70.000	33.360	33.360	0.000
549.000	0.000	30.000	30.000	33.330	33.330	0.000
550.000	0.000	30.000	30.000	33.380	33.380	0.000
551.000	0.000	30.000	30.000	33.350	33.350	0.000
552.000	0.000	70.000	30.000	33.360	33.360	0.000
553.000	0.000	70.000	70.000	33.340	33.340	0.000
554.000	0.000	70.000	70.000	33.430	33.430	0.000
555.000	0.000	70.000	70.000	33.360	33.360	0.000
556.000	0.000	70.000	70.000	33.460	33.460	0.000
557.000	0.000	70.000	70.000	33.440	33.440	0.000
558.000	0.000	70.000	70.000	33.430	33.430	0.000
559.000	0.000	70.000	70.000	33.440	33.440	0.000
560.000	0.000	70.000	70.000	33.450	33.450	0.000
561.000	0.000	70.000	70.000	33.530	33.530	0.000
562.000	0.000	70.000	70.000	33.480	33.480	0.000
563.000	0.000	70.000	70.000	33.480	33.480	0.000
564.000	0.000	70.000	70.000	33.520	33.520	0.000
565.000	0.000	70.000	70.000	33.540	33.540	0.000
566.000	0.000	70.000	70.000	33.520	33.520	0.000
567.000	0.000	70.000	70.000	33.550	33.550	0.000
568.000	0.000	30.000	70.000	33.510	33.510	0.000
569.000	0.000	30.000	30.000	33.600	33.600	0.000
570.000	0.000	30.000	30.000	33.600	33.600	0.000
571.000	0.000	30.000	30.000	33.610	33.610	0.000
572.000	0.000	70.000	30.000	33.650	33.650	0.000
573.000	0.000	70.000	70.000	33.660	33.660	0.000
574.000	0.000	70.000	70.000	33.820	33.820	0.000
575.000	0.000	70.000	70.000	33.740	33.740	0.000
576.000	0.000	70.000	70.000	33.800	33.800	0.000
577.000	0.000	70.000	70.000	33.830	33.830	0.000
578.000	0.000	70.000	70.000	33.830	33.830	0.000
579.000	0.000	70.000	70.000	33.850	33.850	0.000
580.000	0.000	30.000	70.000	33.850	33.850	0.000
581.000	0.000	30.000	30.000	33.940	33.940	0.000
582.000	0.000	30.000	30.000	33.900	33.900	0.000
583.000	0.000	30.000	30.000	33.960	33.960	0.000
584.000	0.000	70.000	30.000	33.910	33.910	0.000
585.000	0.000	70.000	70.000	33.950	33.950	0.000
586.000	0.000	70.000	70.000	34.050	34.050	0.000
587.000	0.000	70.000	70.000	34.030	34.030	0.000
588.000	0.000	70.000	70.000	34.050	34.050	0.000
589.000	0.000	70.000	70.000	33.930	33.930	0.000
590.000	0.000	70.000	70.000	34.020	34.020	0.000
591.000	0.000	70.000	70.000	34.120	34.120	0.000
592.000	0.000	70.000	70.000	34.040	34.040	0.000
593.000	0.000	70.000	70.000	34.060	34.060	0.000
594.000	0.000	70.000	70.000	34.070	34.070	0.000
595.000	0.000	70.000	70.000	34.050	34.050	0.000
596.000	0.000	70.000	70.000	34.080	34.080	0.000
597.000	0.000	70.000	70.000	34.060	34.060	0.000
598.000	0.000	70.000	70.000	34.060	34.060	0.000
599.000	0.000	70.000	70.000	33.990	33.990	0.000
600.000	0.000	70.000	70.000	34.110	34.110	0.000
601.000	0.000	70.000	70.000	34.120	34.120	0.000
602.000	0.000	70.000	70.000	34.110	34.110	0.000
603.000	0.000	70.000	70.000	34.120	34.120	0.000
604.000	0.000	30.000	70.000	34.160	34.160	0.000
605.000	0.000	30.000	30.000	34.200	34.200	0.000
606.000	0.000	30.000	30.000	34.220	34.220	0.000
607.000	0.000	30.000	30.000	34.300	34.300	0.000
608.000	0.000	30.000	30.000	34.270	34.270	0.000
609.000	0.000	30.000	30.000	34.320	34.320	0.000
610.000	0.000	30.000	30.000	34.370	34.370	0.000
611.000	0.000	30.000	30.000	34.380	34.380	0.000
612.000	0.000	30.000	30.000	34.390	34.390	0.000
613.000	0.000	30.000	30.000	34.480	34.480	0.000
614.000	0.000	30.000	30.000	34.360	34.360	0.000
615.000	0.000	30.000	30.000	34.440	34.440	0.000
616.000	0.000	30.000	30.000	34.450	34.450	0.000
617.000	0.000	30.000	30.000	34.470	34.470	0.000
618.000	0.000	30.000	30.000	34.460	34.460	0.000
619.000	0.000	30.000	30.000	34.480	34.480	0.000
620.000	0.000	70.000	30.000	34.440	34.440	0.000
621.000	0.000	70.000	70.000	34.410	34.410	0.000
622.000	0.000	70.000	70.000	34.380	34.380	0.000
623.000	0.000	70.000	70.000	34.390	34.390	0.000
624.000	0.000	70.000	70.000	34.420	34.420	0.000
625.000	0.000	70.000	70.000	34.340	34.340	0.000
626.000	0.000	70.000	70.000	34.280	34.280	0.000
627.000	0.000	70.000	70.000	34.250	34.250	0.000
628.000	0.000	30.000	70.000	34.210	34.210	0.000
629.000	0.000	30.000	30.000	34.190	34.190	0.000
630.000	0.000	30.000	30.000	34.100	34.100	0.000
631.000	0.000	30.000	30.000	34.050	34.050	0.000
632.000	0.000	70.000	30.000	34.140	34.140	0.000
633.000	0.000	70.000	70.000	34.100	34.100	0.000
634.000	0.000	70.000	70.000	34.090	34.090	0.000
635.000	0.000	70.000	70.000	34.130	34.130	0.000
636.000	0.000	30.000	70.000	34.040	34.040	0.000
637.000	0.000	30.000	30.000	34.130	34.130	0.000
638.000	0.000	30.000	30.000	34.170	34.170	0.000
639.000	0.000	30.000	30.000	34.120	34.120	0.000
640.000	0.000	30.000	30.000	34.170	34.170	0.000
641.000	0.000	30.000	30.000	34.060	34.060	0.000
642.000	0.000	30.000	30.000	34.080	34.080	0.000
643.000	0.000	30.000	30.000	34.110	34.110	0.000
644.000	0.000	70.000	30.000	34.200	34.200	0.000
645.000	0.000	70.000	70.000	34.080	34.080	0.000
646.000	0.000	70.000	70.000	34.080	34.080	0.000
647.000	0.000	70.000	70.000	34.080	34.080	0.000
648.000	0.000	70.000	70.000	34.080	34.080	0.000
649.000	0.000	70.000	70.000	34.010	34.010	0.000
650.000	0.000	70.000	70.000	34.040	34.040	0.000
651.000	0.000	70.000	70.000	34.020	34.020	0.000
652.000	0.000	30.000	70.000	34.020	34.020	0.000
653.000	0.000	30.000	30.000	33.980	33.980	0.000
654.000	0.000	30.000	30.000	34.030	34.030	0.000
655.000	0.000	30.000	30.000	33.970	33.970	0.000
656.000	0.000	70.000	30.000	34.000	34.000	0.000
657.000	0.000	70.000	70.000	33.990	33.990	0.000
658.000	0.000	70.000	70.000	33.970	33.970	0.000
659.000	0.000	70.000	70.000	33.940	33.940	0.000
660.000	0.000	30.000	70.000	33.950	33.950	0.000
661.000	0.000	30.000	30.000	33.870	33.870	0.000
662.000	0.000	30.000	30.000	33.980	33.980	0.000
663.000	0.000	30.000	30.000	34.000	34.000	0.000
664.000	0.000	70.000	30.000	33.950	33.950	0.000
665.000	0.000	70.000	70.000	33.930	33.930	0.000
666.000	0.000	70.000	70.000	33.990	33.990	0.000
667.000	0.000	70.000	70.000	34.020	34.020	0.000
668.000	0.000	70.000	70.000	33.980	33.980	0.000
669.000	0.000	70.000	70.000	33.960	33.960	0.000
670.000	0.000	70.000	70.000	33.930	33.930	0.000
671.000	0.000	70.000	70.000	33.930	33.930	0.000
672.000	0.000	30.000	70.000	33.930	33.930	0.000
673.000	0.000	30.000	30.000	33.950	33.950	0.000
674.000	0.000	30.000	30.000	33.950	33.950	0.000
675.000	0.000	30.000	30.000	33.940	33.940	0.000
676.000	0.000	70.000	30.000	33.900	33.900	0.000
677.000	0.000	70.000	70.000	33.930	33.930	0.000
678.000	0.000	70.000	70.000	34.000	34.000	0.000
679.000	0.000	70.000	70.000	33.970	33.970	0.000
680.000	0.000	70.000	70.000	33.940	33.940	0.000
681.000	0.000	70.000	70.000	33.990	33.990	0.000
682.000	0.000	70.000	70.000	34.030	34.030	0.000
683.000	0.000	70.000	70.000	34.020	34.020	0.000
684.000	0.000	30.000	70.000	33.970	33.970	0.000
685.000	0.000	30.000	30.000	33.990	33.990	0.000
686.000	0.000	30.000	30.000	33.990	33.990	0.000
687.000	0.000	30.000	30.000	34.020	34.020	0.000
688.000	0.000	70.000	30.000	34.100	34.100	0.000
689.000	0.000	70.000	70.000	34.050	34.050	0.000
690.000	0.000	70.000	70.000	34.160	34.160	0.000
691.000	0.000	70.000	70.000	34.050	34.050	0.000
692.000	0.000	30.000	70.000	34.060	34.060	0.000
693.000	0.000	30.000	30.000	34.120	34.120	0.000
694.000	0.000	30.000	30.000	34.060	34.060	0.000
695.000	0.000	30.000	30.000	34.040	34.040	0.000
696.000	0.000	70.000	30.000	34.080	34.080	0.000
697.000	0.000	70.000	70.000	34.100	34.100	0.000
698.000	0.000	70.000	70.000	34.090	34.090	0.000
699.000	0.000	70.000	70.000	34.110	34.110	0.000
700.000	0.000	30.000	70.000	34.100	34.100	0.000
701.000	0.000	30.000	30.000	34.000	34.000	0.000
702.000	0.000	30.000	30.000	34.030	34.030	0.000
703.000	0.000	30.000	30.000	34.100	34.100	0.000
704.000	0.000	30.000	30.000	34.060	34.060	0.000
705.000	0.000	30.000	30.000	34.130	34.130	0.000
706.000	0.000	30.000	30.000	34.100	34.100	0.000
707.000	0.000	30.000	30.000	34.100	34.100	0.000
708.000	0.000	30.000	30.000	34.030	34.030	0.000
709.000	0.000	30.000	30.000	34.080	34.080	0.000
710.000	0.000	30.000	30.000	34.100	34.100	0.000
711.000	0.000	30.000	30.000	34.190	34.190	0.000
712.000	0.000	30.000	30.000	34.140	34.140	0.000
713.000	0.000	30.000	30.000	33.990	33.990	0.000
714.000	0.000	30.000	30.000	34.050	34.050	0.000
715.000	0.000	30.000	30.000	34.070	34.070	0.000
716.000	0.000	30.000	30.000	34.050	34.050	0.000
717.000	0.000	30.000	30.000	34.020	34.020	0.000
718.000	0.000	30.000	30.000	34.000	34.000	0.000
719.000	0.000	30.000	30.000	33.960	33.960	0.000
720.000	0.000	70.000	30.000	33.940	33.940	0.000
721.000	0.000	70.000	70.000	33.920	33.920	0.000
722.000	0.000	70.000	70.000	33.880	33.880	0.000
723.000	0.000	70.000	70.000	33.830	33.830	0.000
724.000	0.000	30.000	70.000	33.800	33.800	0.000
725.000	0.000	30.000	30.000	33.700	33.700	0.000
726.000	0.000	30.000	30.000	33.710	33.710	0.000
727.000	0.000	30.000	30.000	33.750	33.750	0.000
728.000	0.000	30.000	30.000	33.710	33.710	0.000
729.000	0.000	30.000	30.000	33.620	33.620	0.000
730.000	0.000	30.000	30.000	33.610	33.610	0.000
731.000	0.000	30.000	30.000	33.610	33.610	0.000
732.000	0.000	70.000	30.000	33.590	33.590	0.000
733.000	0.000	70.000	70.000	33.570	33.570	0.000
734.000	0.000	70.000	70.000	33.630	33.630	0.000
735.000	0.000	70.000	70.000	33.510	33.510	0.000
736.000	0.000	70.000	70.000	33.580	33.580	0.000
737.000	0.000	70.000	70.000	33.480	33.480	0.000
738.000	0.000	70.000	70.000	33.480	33.480	0.000
739.000	0.000	70.000	70.000	33.470	33.470	0.000
740.000	0.000	70.000	70.000	33.400	33.400	0.000
741.000	0.000	70.000	70.000	33.390	33.390	0.000
742.000	0.000	70.000	70.000	33.390	33.390	0.000
743.000	0.000	70.000	70.000	33.370	33.370	0.000
744.000	0.000	30.000	70.000	33.340	33.340	0.000
745.000	0.000	30.000	30.000	33.310	33.310	0.000
746.000	0.000	30.000	30.000	33.310	33.310	0.000
747.000	0.000	30.000	30.000	33.350	33.350	0.000
748.000	0.000	70.000	30.000	33.350	33.350	0.000
749.000	0.000	70.000	70.000	33.330	33.330	0.000
750.000	0.000	70.000	70.000	33.370	33.370	0.000
751.000	0.000	70.000	70.000	33.450	33.450	0.000
752.000	0.000	70.000	70.000	33.440	33.440	0.000
753.000	0.000	70.000	70.000	33.510	33.510	0.000
754.000	0.000	70.000	70.000	33.450	33.450	0.000
755.000	0.000	70.000	70.000	33.560	33.560	0.000
756.000	0.000	30.000	70.000	33.480	33.480	0.000
757.000	0.000	30.000	30.000	33.510	33.510	0.000
758.000	0.000	30.000	30.000	33.470	33.470	0.000
759.000	0.000	30.000	30.000	33.410	33.410	0.000
760.000	0.000	30.000	30.000	33.520	33.520	0.000
761.000	0.000	30.000	30.000	33.540	33.540	0.000
762.000	0.000	30.000	30.000	33.560	33.560	0.000
763.000	0.000	30.000	30.000	33.580	33.580	0.000
764.000	0.000	70.000	30.000	33.610	33.610	0.000
765.000	0.000	70.000	70.000	33.620	33.620	0.000
766.000	0.000	70.000	70.000	33.640	33.640	0.000
767.000	0.000	70.000	70.000	33.620	33.620	0.000
768.000	0.000	30.000	70.000	33.560	33.560	0.000
769.000	0.000	30.000	30.000	33.640	33.640	0.000
770.000	0.000	30.000	30.000	33.630	33.630	0.000
771.000	0.000	30.000	30.000	33.590	33.590	0.000
772.000	0.000	30.000	30.000	33.600	33.600	0.000
773.000	0.000	30.000	30.000	33.640	33.640	0.000
774.000	0.000	30.000	30.000	33.600	33.600	0.000
775.000	0.000	30.000	30.000	33.620	33.620	0.000
776.000	0.000	70.000	30.000	33.690	33.690	0.000
777.000	0.000	70.000	70.000	33.670	33.670	0.000
778.000	0.000	70.000	70.000	33.670	33.670	0.000
779.000	0.000	70.000	70.000	33.620	33.620	0.000
780.000	0.000	30.000	70.000	33.610	33.610	0.000
781.000	0.000	30.000	30.000	33.710	33.710	0.000
782.000	0.000	30.000	30.000	33.580	33.580	0.000
783.000	0.000	30.000	30.000	33.560	33.560	0.000
784.000	0.000	30.000	30.000	33.600	33.600	0.000
785.000	0.000	30.000	30.000	33.560	33.560	0.000
786.000	0.000	30.000	30.000	33.550	33.550	0.000
787.000	0.000	30.000	30.000	33.560	33.560	0.000
788.000	0.000	70.000	30.000	33.450	33.450	0.000
789.000	0.000	70.000	70.000	33.540	33.540	0.000
790.000	0.000	70.000	70.000	33.540	33.540	0.000
791.000	0.000	70.000	70.000	33.510	33.510	0.000
792.000	0.000	70.000	70.000	33.520	33.520	0.000
793.000	0.000	70.000	70.000	33.530	33.530	0.000
794.000	0.000	70.000	70.000	33.490	33.490	0.000
795.000	0.000	70.000	70.000	33.470	33.470	0.000
796.000	0.000	30.000	70.000	33.450	33.450	0.000
797.000	0.000	30.000	30.000	33.400	33.400	0.000
798.000	0.000	30.000	30.000	33.420	33.420	0.000
799.000	0.000	30.000	30.000	33.460	33.460	0.000
800.000	0.000	30.000	30.000	33.430	33.430	0.000
801.000	0.000	30.000	30.000	33.400	33.400	0.000
802.000	0.000	30.000	30.000	33.390	33.390	0.000
803.000	0.000	30.000	30.000	33.450	33.450	0.000
804.000	0.000	30.000	30.000	33.450	33.450	0.000
805.000	0.000	30.000	30.000	33.410	33.410	0.000
806.000	0.000	30.000	30.000	33.370	33.370	0.000
807.000	0.000	30.000	30.000	33.440	33.440	0.000
808.000	0.000	30.000	30.000	33.410	33.410	0.000
809.000	0.000	30.000	30.000	33.500	33.500	0.000
810.000	0.000	30.000	30.000	33.400	33.400	0.000
811.000	0.000	30.000	30.000	33.400	33.400	0.000
812.000	0.000	30.000	30.000	33.390	33.390	0.000
813.000	0.000	30.000	30.000	33.380	33.380	0.000
814.000	0.000	30.000	30.000	33.370	33.370	0.000
815.000	0.000	30.000	30.000	33.390	33.390	0.000
816.000	0.000	30.000	30.000	33.300	33.300	0.000
817.000	0.000	30.000	30.000	33.290	33.290	0.000
818.000	0.000	30.000	30.000	33.300	33.300	0.000
819.000	0.000	30.000	30.000	33.180	33.180	0.000
820.000	0.000	70.000	30.000	33.260	33.260	0.000
821.000	0.000	70.000	70.000	33.240	33.240	0.000
822.000	0.000	70.000	70.000	33.180	33.180	0.000
823.000	0.000	70.000	70.000	33.170	33.170	0.000
824.000	0.000	70.000	70.000	33.130	33.130	0.000
825.000	0.000	70.000	70.000	33.120	33.120	0.000
826.000	0.000	70.000	70.000	33.000	33.000	0.000
827.000	0.000	70.000	70.000	33.020	33.020	0.000
828.000	0.000	70.000	70.000	33.020	33.020	0.000
829.000	0.000	70.000	70.000	32.990	32.990	0.000
830.000	0.000	70.000	70.000	33.000	33.000	0.000
831.000	0.000	70.000	70.000	32.950	32.950	0.000
832.000	0.000	30.000	70.000	32.930	32.930	0.000
833.000	0.000	30.000	30.000	32.980	32.980	0.000
834.000	0.000	30.000	30.000	32.990	32.990	0.000
835.000	0.000	30.000	30.000	32.940	32.940	0.000
836.000	0.000	70.000	30.000	32.980	32.980	0.000
837.000	0.000	70.000	70.000	32.990	32.990	0.000
838.000	0.000	70.000	70.000	32.970	32.970	0.000
839.000	0.000	70.000	70.000	33.010	33.010	0.000
840.000	0.000	30.000	70.000	33.020	33.020	0.000
841.000	0.000	30.000	30.000	32.960	32.960	0.000
842.000	0.000	30.000	30.000	33.050	33.050	0.000
843.000	0.000	30.000	30.000	33.030	33.030	0.000
844.000	0.000	30.000	30.000	33.060	33.060	0.000
845.000	0.000	30.000	30.000	33.020	33.020	0.000
846.000	0.000	30.000	30.000	33.170	33.170	0.000
847.000	0.000	30.000	30.000	33.080	33.080	0.000
848.000	0.000	70.000	30.000	33.160	33.160	0.000
849.000	0.000	70.000	70.000	33.120	33.120	0.000
850.000	0.000	70.000	70.000	33.140	33.140	0.000
851.000	0.000	70.000	70.000	33.180	33.180	0.000
852.000	0.000	30.000	70.000	33.150	33.150	0.000
853.000	0.000	30.000	30.000	33.170	33.170	0.000
854.000	0.000	30.000	30.000	33.200	33.200	0.000
855.000	0.000	30.000	30.000	33.150	33.150	0.000
856.000	0.000	30.000	30.000	33.210	33.210	0.000
857.000	0.000	30.000	30.000	33.190	33.190	0.000
858.000	0.000	30.000	30.000	33.120	33.120	0.000
859.000	0.000	30.000	30.000	33.140	33.140	0.000
860.000	0.000	30.000	30.000	33.170	33.170	0.000
861.000	0.000	30.000	30.000	33.140	33.140	0.000
862.000	0.000	30.000	30.000	33.130	33.130	0.000
863.000	0.000	30.000	30.000	33.140	33.140	0.000
864.000	0.000	70.000	30.000	33.160	33.160	0.000
865.000	0.000	70.000	70.000	33.220	33.220	0.000
866.000	0.000	70.000	70.000	33.140	33.140	0.000
867.000	0.000	70.000	70.000	33.120	33.120	0.000
868.000	0.000	70.000	70.000	33.150	33.150	0.000
869.000	0.000	70.000	70.000	33.100	33.100	0.000
870.000	0.000	70.000	70.000	33.020	33.020	0.000
871.000	0.000	70.000	70.000	33.020	33.020	0.000
872.000	0.000	70.000	70.000	33.000	33.000	0.000
873.000	0.000	70.000	70.000	32.990	32.990	0.000
874.000	0.000	70.000	70.000	33.000	33.000	0.000
875.000	0.000	70.000	70.000	32.990	32.990	0.000
876.000	0.000	30.000	70.000	33.000	33.000	0.000
877.000	0.000	30.000	30.000	32.960	32.960	0.000
878.000	0.000	30.000	30.000	32.890	32.890	0.000
879.000	0.000	30.000	30.000	33.020	33.020	0.000
880.000	0.000	30.000	30.000	33.020	33.020	0.000
881.000	0.000	30.000	30.000	33.110	33.110	0.000
882.000	0.000	30.000	30.000	33.130	33.130	0.000
883.000	0.000	30.000	30.000	33.040	33.040	0.000
884.000	0.000	30.000	30.000	33.150	33.150	0.000
885.000	0.000	30.000	30.000	33.140	33.140	0.000
886.000	0.000	30.000	30.000	33.140	33.140	0.000
887.000	0.000	30.000	30.000	33.150	33.150	0.000
888.000	0.000	70.000	30.000	33.180	33.180	0.000
889.000	0.000	70.000	70.000	33.160	33.160	0.000
890.000	0.000	70.000	70.000	33.120	33.120	0.000
891.000	0.000	70.000	70.000	33.130	33.130	0.000
892.000	0.000	30.000	70.000	33.140	33.140	0.000
893.000	0.000	30.000	30.000	33.150	33.150	0.000
894.000	0.000	30.000	30.000	33.190	33.190	0.000
895.000	0.000	30.000	30.000	33.130	33.130	0.000
896.000	0.000	30.000	30.000	33.090	33.090	0.000
897.000	0.000	30.000	30.000	33.070	33.070	0.000
898.000	0.000	30.000	30.000	33.090	33.090	0.000
899.000	0.000	30.000	30.000	33.130	33.130	0.000
900.000	0.000	30.000	30.000	33.050	33.050	0.000
901.000	0.000	30.000	30.000	33.060	33.060	0.000
902.000	0.000	30.000	30.000	33.040	33.040	0.000
903.000	0.000	30.000	30.000	33.050	33.050	0.000
904.000	0.000	30.000	30.000	33.010	33.010	0.000
905.000	0.000	30.000	30.000	33.060	33.060	0.000
906.000	0.000	30.000	30.000	33.040	33.040	0.000
907.000	0.000	30.000	30.000	33.020	33.020	0.000
908.000	0.000	30.000	30.000	33.000	33.000	0.000
909.000	0.000	30.000	30.000	33.000	33.000	0.000
910.000	0.000	30.000	30.000	32.930	32.930	0.000
911.000	0.000	30.000	30.000	32.990	32.990	0.000
912.000	0.000	30.000	30.000	32.970	32.970	0.000
913.000	0.000	30.000	30.000	32.930	32.930	0.000
914.000	0.000	30.000	30.000	32.920	32.920	0.000
915.000	0.000	30.000	30.000	32.830	32.830	0.000
916.000	0.000	30.000	30.000	32.890	32.890	0.000
917.000	0.000	30.000	30.000	32.830	32.830	0.000
918.000	0.000	30.000	30.000	32.840	32.840	0.000
919.000	0.000	30.000	30.000	32.770	32.770	0.000
920.000	0.000	70.000	30.000	32.790	32.790	0.000
921.000	0.000	70.000	70.000	32.720	32.720	0.000
922.000	0.000	70.000	70.000	32.700	32.700	0.000
923.000	0.000	70.000	70.000	32.640	32.640	0.000
924.000	0.000	30.000	70.000	32.650	32.650	0.000
925.000	0.000	30.000	30.000	32.600	32.600	0.000
926.000	0.000	30.000	30.000	32.560	32.560	0.000
927.000	0.000	30.000	30.000	32.550	32.550	0.000
928.000	0.000	70.000	30.000	32.490	32.490	0.000
929.000	0.000	70.000	70.000	32.400	32.400	0.000
930.000	0.000	70.000	70.000	32.480	32.480	0.000
931.000	0.000	70.000	70.000	32.490	32.490	0.000
932.000	0.000	70.000	70.000	32.500	32.500	0.000
933.000	0.000	70.000	70.000	32.470	32.470	0.000
934.000	0.000	70.000	70.000	32.490	32.490	0.000
935.000	0.000	70.000	70.000	32.450	32.450	0.000
936.000	0.000	30.000	70.000	32.480	32.480	0.000
937.000	0.000	30.000	30.000	32.450	32.450	0.000
938.000	0.000	30.000	30.000	32.490	32.490	0.000
939.000	0.000	30.000	30.000	32.450	32.450	0.000
940.000	0.000	30.000	30.000	32.450	32.450	0.000
941.000	0.000	30.000	30.000	32.440	32.440	0.000
942.000	0.000	30.000	30.000	32.450	32.450	0.000
943.000	0.000	30.000	30.000	32.490	32.490	0.000
944.000	0.000	30.000	30.000	32.480	32.480	0.000
945.000	0.000	30.000	30.000	32.430	32.430	0.000
946.000	0.000	30.000	30.000	32.470	32.470	0.000
947.000	0.000	30.000	30.000	32.600	32.600	0.000
948.000	0.000	70.000	30.000	32.550	32.550	0.000
949.000	0.000	70.000	70.000	32.490	32.490	0.000
950.000	0.000	70.000	70.000	32.540	32.540	0.000
951.000	0.000	70.000	70.000	32.560	32.560	0.000
952.000	0.000	70.000	70.000	32.540	32.540	0.000
953.000	0.000	70.000	70.000	32.500	32.500	0.000
954.000	0.000	70.000	70.000	32.510	32.510	0.000
955.000	0.000	70.000	70.000	32.560	32.560	0.000
956.000	0.000	70.000	70.000	32.510	32.510	0.000
957.000	0.000	70.000	70.000	32.530	32.530	0.000
958.000	0.000	70.000	70.000	32.480	32.480	0.000
959.000	0.000	70.000	70.000	32.500	32.500	0.000
960.000	0.000	70.000	70.000	32.590	32.590	0.000
961.000	0.000	70.000	70.000	32.530	32.530	0.000
962.000	0.000	70.000	70.000	32.590	32.590	0.000
963.000	0.000	70.000	70.000	32.600	32.600	0.000
964.000	0.000	30.000	70.000	32.560	32.560	0.000
965.000	0.000	30.000	30.000	32.600	32.600	0.000
966.000	0.000	30.000	30.000	32.590	32.590	0.000
967.000	0.000	30.000	30.000	32.650	32.650	0.000
968.000	0.000	70.000	30.000	32.590	32.590	0.000
969.000	0.000	70.000	70.000	32.790	32.790	0.000
970.000	0.000	70.000	70.000	32.720	32.720	0.000
971.000	0.000	70.000	70.000	32.810	32.810	0.000
972.000	0.000	30.000	70.000	32.890	32.890	0.000
973.000	0.000	30.000	30.000	32.830	32.830	0.000
974.000	0.000	30.000	30.000	32.890	32.890	0.000
975.000	0.000	30.000	30.000	32.990	32.990	0.000
976.000	0.000	30.000	30.000	32.890	32.890	0.000
977.000	0.000	30.000	30.000	32.910	32.910	0.000
978.000	0.000	30.000	30.000	32.910	32.910	0.000
979.000	0.000	30.000	30.000	32.940	32.940	0.000
980.000	0.000	30.000	30.000	32.980	32.980	0.000
981.000	0.000	30.000	30.000	33.020	33.020	0.000
982.000	0.000	30.000	30.000	33.010	33.010	0.000
983.000	0.000	30.000	30.000	32.990	32.990	0.000
984.000	0.000	30.000	30.000	33.050	33.050	0.000
985.000	0.000	30.000	30.000	33.060	33.060	0.000
986.000	0.000	30.000	30.000	33.050	33.050	0.000
987.000	0.000	30.000	30.000	33.060	33.060	0.000
988.000	0.000	70.000	30.000	33.050	33.050	0.000
989.000	0.000	70.000	70.000	33.120	33.120	0.000
990.000	0.000	70.000	70.000	33.010	33.010	0.000
991.000	0.000	70.000	70.000	33.020	33.020	0.000
992.000	0.000	70.000	70.000	33.010	33.010	0.000
993.000	0.000	70.000	70.000	32.970	32.970	0.000
994.000	0.000	70.000	70.000	32.960	32.960	0.000
995.000	0.000	70.000	70.000	32.940	32.940	0.000
996.000	0.000	70.000	70.000	32.900	32.900	0.000
997.000	0.000	70.000	70.000	32.920	32.920	0.000
998.000	0.000	70.000	70.000	32.880	32.880	0.000
999.000	0.000	70.000	70.000	32.910	32.910	0.000
1000.000	0.000	70.000	70.000	32.900	32.900	0.000
1001.000	0.000	70.000	70.000	32.900	32.900	0.000
1002.000	0.000	70.000	70.000	32.930	32.930	0.000
1003.000	0.000	70.000	70.000	32.940	32.940	0.000
1004.000	0.000	70.000	70.000	32.910	32.910	0.000
1005.000	0.000	70.000	70.000	32.910	32.910	0.000
1006.000	0.000	70.000	70.000	32.900	32.900	0.000
1007.000	0.000	70.000	70.000	33.110	33.110	0.000
1008.000	0.000	70.000	70.000	32.980	32.980	0.000
1009.000	0.000	70.000	70.000	33.040	33.040	0.000
1010.000	0.000	70.000	70.000	33.040	33.040	0.000
1011.000	0.000	70.000	70.000	33.100	33.100	0.000
1012.000	0.000	70.000	70.000	33.130	33.130	0.000
1013.000	0.000	70.000	70.000	33.090	33.090	0.000
1014.000	0.000	70.000	70.000	33.250	33.250	0.000
1015.000	0.000	70.000	70.000	33.190	33.190	0.000
1016.000	0.000	70.000	70.000	33.240	33.240	0.000
1017.000	0.000	70.000	70.000	33.300	33.300	0.000
1018.000	0.000	70.000	70.000	33.300	33.300	0.000
1019.000	0.000	70.000	70.000	33.270	33.270	0.000
1020.000	0.000	30.000	70.000	33.390	33.390	0.000
1021.000	0.000	30.000	30.000	33.410	33.410	0.000
1022.000	0.000	30.000	30.000	33.460	33.460	0.000
1023.000	0.000	30.000	30.000	33.530	33.530	0.000
1024.000	0.000	30.000	30.000	33.510	33.510	0.000
1025.000	0.000	30.000	30.000	33.620	33.620	0.000
1026.000	0.000	30.000	30.000	33.640	33.640	0.000
1027.000	0.000	30.000	30.000	33.710	33.710	0.000
1028.000	0.000	70.000	30.000	33.710	33.710	0.000
1029.000	0.000	70.000	70.000	33.740	33.740	0.000
1030.000	0.000	70.000	70.000	33.670	33.670	0.000
1031.000	0.000	70.000	70.000	33.780	33.780	0.000
1032.000	0.000	30.000	70.000	33.790	33.790	0.000
1033.000	0.000	30.000	30.000	33.810	33.810	0.000
1034.000	0.000	30.000	30.000	33.830	33.830	0.000
1035.000	0.000	30.000	30.000	33.820	33.820	0.000
1036.000	0.000	30.000	30.000	33.770	33.770	0.000
1037.000	0.000	30.000	30.000	33.830	33.830	0.000
1038.000	0.000	30.000	30.000	33.880	33.880	0.000
1039.000	0.000	30.000	30.000	33.820	33.820	0.000
1040.000	0.000	30.000	30.000	33.720	33.720	0.000
1041.000	0.000	30.000	30.000	33.750	33.750	0.000
1042.000	0.000	30.000	30.000	33.850	33.850	0.000
1043.000	0.000	30.000	30.000	33.850	33.850	0.000
1044.000	0.000	30.000	30.000	33.840	33.840	0.000
1045.000	0.000	30.000	30.000	33.840	33.840	0.000
1046.000	0.000	30.000	30.000	33.890	33.890	0.000
1047.000	0.000	30.000	30.000	33.770	33.770	0.000
1048.000	0.000	70.000	30.000	33.790	33.790	0.000
1049.000	0.000	70.000	70.000	33.770	33.770	0.000
1050.000	0.000	70.000	70.000	33.790	33.790	0.000
1051.000	0.000	70.000	70.000	33.680	33.680	0.000
1052.000	0.000	30.000	70.000	33.700	33.700	0.000
1053.000	0.000	30.000	30.000	33.620	33.620	0.000
1054.000	0.000	30.000	30.000	33.540	33.540	0.000
1055.000	0.000	30.000	30.000	33.580	33.580	0.000
1056.000	0.000	70.000	30.000	33.620	33.620	0.000
1057.000	0.000	70.000	70.000	33.470	33.470	0.000
1058.000	0.000	70.000	70.000	33.530	33.530	0.000
1059.000	0.000	70.000	70.000	33.470	33.470	0.000
1060.000	0.000	30.000	70.000	33.460	33.460	0.000
1061.000	0.000	30.000	30.000	33.520	33.520	0.000
1062.000	0.000	30.000	30.000	33.430	33.430	0.000
1063.000	0.000	30.000	30.000	33.430	33.430	0.000
1064.000	0.000	30.000	30.000	33.460	33.460	0.000
1065.000	0.000	30.000	30.000	33.380	33.380	0.000
1066.000	0.000	30.000	30.000	33.370	33.370	0.000
1067.000	0.000	30.000	30.000	33.380	33.380	0.000
1068.000	0.000	70.000	30.000	33.360	33.360	0.000
1069.000	0.000	70.000	70.000	33.400	33.400	0.000
1070.000	0.000	70.000	70.000	33.380	33.380	0.000
1071.000	0.000	70.000	70.000	33.370	33.370	0.000
1072.000	0.000	70.000	70.000	33.370	33.370	0.000
1073.000	0.000	70.000	70.000	33.390	33.390	0.000
1074.000	0.000	70.000	70.000	33.400	33.400	0.000
1075.000	0.000	70.000	70.000	33.320	33.320	0.000
1076.000	0.000	70.000	70.000	33.390	33.390	0.000
1077.000	0.000	70.000	70.000	33.310	33.310	0.000
1078.000	0.000	70.000	70.000	33.310	33.310	0.000
1079.000	0.000	70.000	70.000	33.260	33.260	0.000
1080.000	0.000	70.000	70.000	33.310	33.310	0.000
1081.000	0.000	70.000	70.000	33.290	33.290	0.000
1082.000	0.000	70.000	70.000	33.210	33.210	0.000
1083.000	0.000	70.000	70.000	33.310	33.310	0.000
1084.000	0.000	70.000	70.000	33.290	33.290	0.000
1085.000	0.000	70.000	70.000	33.300	33.300	0.000
1086.000	0.000	70.000	70.000	33.260	33.260	0.000
1087.000	0.000	70.000	70.000	33.300	33.300	0.000
1088.000	0.000	30.000	70.000	33.410	33.410	0.000
1089.000	0.000	30.000	30.000	33.410	33.410	0.000
1090.000	0.000	30.000	30.000	33.390	33.390	0.000
1091.000	0.000	30.000	30.000	33.420	33.420	0.000
1092.000	0.000	70.000	30.000	33.390	33.390	0.000
1093.000	0.000	70.000	70.000	33.520	33.520	0.000
1094.000	0.000	70.000	70.000	33.590	33.590	0.000
1095.000	0.000	70.000	70.000	33.550	33.550	0.000
1096.000	0.000	30.000	70.000	33.580	33.580	0.000
1097.000	0.000	30.000	30.000	33.640	33.640	0.000
1098.000	0.000	30.000	30.000	33.640	33.640	0.000
1099.000	0.000	30.000	30.000	33.600	33.600	0.000
1100.000	0.000	70.000	30.000	33.650	33.650	0.000
1101.000	0.000	70.000	70.000	33.690	33.690	0.000
1102.000	0.000	70.000	70.000	33.710	33.710	0.000
1103.000	0.000	70.000	70.000	33.690	33.690	0.000
1104.000	0.000	30.000	70.000	33.680	33.680	0.000
1105.000	0.000	30.000	30.000	33.780	33.780	0.000
1106.000	0.000	30.000	30.000	33.780	33.780	0.000
1107.000	0.000	30.000	30.000	33.800	33.800	0.000
1108.000	0.000	70.000	30.000	33.680	33.680	0.000
1109.000	0.000	70.000	70.000	33.770	33.770	0.000
1110.000	0.000	70.000	70.000	33.840	33.840	0.000
1111.000	0.000	70.000	70.000	33.700	33.700	0.000
1112.000	0.000	30.000	70.000	33.800	33.800	0.000
1113.000	0.000	30.000	30.000	33.820	33.820	0.000
1114.000	0.000	30.000	30.000	33.790	33.790	0.000
1115.000	0.000	30.000	30.000	33.810	33.810	0.000
1116.000	0.000	70.000	30.000	33.810	33.810	0.000
1117.000	0.000	70.000	70.000	33.810	33.810	0.000
1118.000	0.000	70.000	70.000	33.780	33.780	0.000
1119.000	0.000	70.000	70.000	33.820	33.820	0.000
1120.000	0.000	70.000	70.000	33.810	33.810	0.000
1121.000	0.000	70.000	70.000	33.800	33.800	0.000
1122.000	0.000	70.000	70.000	33.800	33.800	0.000
1123.000	0.000	70.000	70.000	33.810	33.810	0.000
1124.000	0.000	70.000	70.000	33.870	33.870	0.000
1125.000	0.000	70.000	70.000	33.810	33.810	0.000
1126.000	0.000	70.000	70.000	33.800	33.800	0.000
1127.000	0.000	70.000	70.000	33.770	33.770	0.000
1128.000	0.000	30.000	70.000	33.790	33.790	0.000
1129.000	0.000	30.000	30.000	33.790	33.790	0.000
1130.000	0.000	30.000	30.000	33.800	33.800	0.000
1131.000	0.000	30.000	30.000	33.840	33.840	0.000
1132.000	0.000	30.000	30.000	33.810	33.810	0.000
1133.000	0.000	30.000	30.000	33.830	33.830	0.000
1134.000	0.000	30.000	30.000	33.930	33.930	0.000
1135.000	0.000	30.000	30.000	33.800	33.800	0.000
1136.000	0.000	30.000	30.000	33.920	33.920	0.000
1137.000	0.000	30.000	30.000	33.940	33.940	0.000
1138.000	0.000	30.000	30.000	33.900	33.900	0.000
1139.000	0.000	30.000	30.000	34.020	34.020	0.000
1140.000	0.000	30.000	30.000	33.940	33.940	0.000
1141.000	0.000	30.000	30.000	33.960	33.960	0.000
1142.000	0.000	30.000	30.000	33.980	33.980	0.000
1143.000	0.000	30.000	30.000	33.900	33.900	0.000
1144.000	0.000	30.000	30.000	33.960	33.960	0.000
1145.000	0.000	30.000	30.000	33.920	33.920	0.000
1146.000	0.000	30.000	30.000	33.890	33.890	0.000
1147.000	0.000	30.000	30.000	33.890	33.890	0.000
1148.000	0.000	70.000	30.000	33.920	33.920	0.000
1149.000	0.000	70.000	70.000	33.850	33.850	0.000
1150.000	0.000	70.000	70.000	33.860	33.860	0.000
1151.000	0.000	70.000	70.000	33.800	33.800	0.000
1152.000	0.000	70.000	70.000	33.760	33.760	0.000
1153.000	0.000	70.000	70.000	33.620	33.620	0.000
1154.000	0.000	70.000	70.000	33.680	33.680	0.000
1155.000	0.000	70.000	70.000	33.670	33.670	0.000
1156.000	0.000	30.000	70.000	33.640	33.640	0.000
1157.000	0.000	30.000	30.000	33.610	33.610	0.000
1158.000	0.000	30.000	30.000	33.540	33.540	0.000
1159.000	0.000	30.000	30.000	33.600	33.600	0.000
1160.000	0.000	30.000	30.000	33.550	33.550	0.000
1161.000	0.000	30.000	30.000	33.580	33.580	0.000
1162.000	0.000	30.000	30.000	33.570	33.570	0.000
1163.000	0.000	30.000	30.000	33.550	33.550	0.000
1164.000	0.000	30.000	30.000	33.570	33.570	0.000
1165.000	0.000	30.000	30.000	33.540	33.540	0.000
1166.000	0.000	30.000	30.000	33.570	33.570	0.000
1167.000	0.000	30.000	30.000	33.560	33.560	0.000
1168.000	0.000	70.000	30.000	33.540	33.540	0.000
1169.000	0.000	70.000	70.000	33.560	33.560	0.000
1170.000	0.000	70.000	70.000	33.540	33.540	0.000
1171.000	0.000	70.000	70.000	33.590	33.590	0.000
1172.000	0.000	30.000	70.000	33.480	33.480	0.000
1173.000	0.000	30.000	30.000	33.430	33.430	0.000
1174.000	0.000	30.000	30.000	33.440	33.440	0.000
1175.000	0.000	30.000	30.000	33.510	33.510	0.000
1176.000	0.000	70.000	30.000	33.410	33.410	0.000
1177.000	0.000	70.000	70.000	33.400	33.400	0.000
1178.000	0.000	70.000	70.000	33.360	33.360	0.000
1179.000	0.000	70.000	70.000	33.340	33.340	0.000
1180.000	0.000	30.000	70.000	33.330	33.330	0.000
1181.000	0.000	30.000	30.000	33.450	33.450	0.000
1182.000	0.000	30.000	30.000	33.280	33.280	0.000
1183.000	0.000	30.000	30.000	33.340	33.340	0.000
1184.000	0.000	70.000	30.000	33.310	33.310	0.000
1185.000	0.000	70.000	70.000	33.330	33.330	0.000
1186.000	0.000	70.000	70.000	33.280	33.280	0.000
1187.000	0.000	70.000	70.000	33.290	33.290	0.000
1188.000	0.000	70.000	70.000	33.310	33.310	0.000
1189.000	0.000	70.000	70.000	33.320	33.320	0.000
1190.000	0.000	70.000	70.000	33.350	33.350	0.000
1191.000	0.000	70.000	70.000	33.270	33.270	0.000
1192.000	0.000	30.000	70.000	33.340	33.340	0.000
1193.000	0.000	30.000	30.000	33.280	33.280	0.000
1194.000	0.000	30.000	30.000	33.330	33.330	0.000
1195.000	0.000	30.000	30.000	33.300	33.300	0.000
1196.000	0.000	30.000	30.000	33.350	33.350	0.000
1197.000	0.000	30.000	30.000	33.380	33.380	0.000
1198.000	0.000	30.000	30.000	33.290	33.290	0.000
1199.000	0.000	30.000	30.000	33.330	33.330	0.000
1200.000	0.000	30.000	30.000	33.350	33.350	0.000
1201.000	0.000	30.000	30.000	33.280	33.280	0.000
1202.000	0.000	30.000	30.000	33.400	33.400	0.000
1203.000	0.000	30.000	30.000	33.350	33.350	0.000
1204.000	0.000	30.000	30.000	33.350	33.350	0.000
1205.000	0.000	30.000	30.000	33.360	33.360	0.000
1206.000	0.000	30.000	30.000	33.390	33.390	0.000
1207.000	0.000	30.000	30.000	33.350	33.350	0.000
1208.000	0.000	30.000	30.000	33.300	33.300	0.000
1209.000	0.000	30.000	30.000	33.330	33.330	0.000
1210.000	0.000	30.000	30.000	33.330	33.330	0.000
1211.000	0.000	30.000	30.000	33.310	33.310	0.000
1212.000	0.000	30.000	30.000	33.310	33.310	0.000
1213.000	0.000	30.000	30.000	33.330	33.330	0.000
1214.000	0.000	30.000	30.000	33.310	33.310	0.000
1215.000	0.000	30.000	30.000	33.260	33.260	0.000
1216.000	0.000	30.000	30.000	33.280	33.280	0.000
1217.000	0.000	30.000	30.000	33.260	33.260	0.000
1218.000	0.000	30.000	30.000	33.200	33.200	0.000
1219.000	0.000	30.000	30.000	33.180	33.180	0.000
1220.000	0.000	30.000	30.000	33.150	33.150	0.000
1221.000	0.000	30.000	30.000	33.060	33.060	0.000
1222.000	0.000	30.000	30.000	33.060	33.060	0.000
1223.000	0.000	30.000	30.000	33.090	33.090	0.000
1224.000	0.000	30.000	30.000	33.010	33.010	0.000
1225.000	0.000	30.000	30.000	32.970	32.970	0.000
1226.000	0.000	30.000	30.000	32.950	32.950	0.000
1227.000	0.000	30.000	30.000	32.920	32.920	0.000
1228.000	0.000	30.000	30.000	32.880	32.880	0.000
1229.000	0.000	30.000	30.000	32.880	32.880	0.000
1230.000	0.000	30.000	30.000	32.850	32.850	0.000
1231.000	0.000	30.000	30.000	32.850	32.850	0.000
1232.000	0.000	30.000	30.000	32.790	32.790	0.000
1233.000	0.000	30.000	30.000	32.780	32.780	0.000
1234.000	0.000	30.000	30.000	32.700	32.700	0.000
1235.000	0.000	30.000	30.000	32.690	32.690	0.000
1236.000	0.000	30.000	30.000	32.680	32.680	0.000
1237.000	0.000	30.000	30.000	32.620	32.620	0.000
1238.000	0.000	30.000	30.000	32.570	32.570	0.000
1239.000	0.000	30.000	30.000	32.580	32.580	0.000
1240.000	0.000	30.000	30.000	32.520	32.520	0.000
1241.000	0.000	30.000	30.000	32.510	32.510	0.000
1242.000	0.000	30.000	30.000	32.480	32.480	0.000
1243.000	0.000	30.000	30.000	32.480	32.480	0.000
1244.000	0.000	30.000	30.000	32.430	32.430	0.000
1245.000	0.000	30.000	30.000	32.480	32.480	0.000
1246.000	0.000	30.000	30.000	32.380	32.380	0.000
1247.000	0.000	30.000	30.000	32.380	32.380	0.000
1248.000	0.000	30.000	30.000	32.320	32.320	0.000
1249.000	0.000	30.000	30.000	32.290	32.290	0.000
1250.000	0.000	30.000	30.000	32.260	32.260	0.000
1251.000	0.000	30.000	30.000	32.230	32.230	0.000
1252.000	0.000	30.000	30.000	32.200	32.200	0.000
1253.000	0.000	30.000	30.000	32.110	32.110	0.000
1254.000	0.000	30.000	30.000	32.160	32.160	0.000
1255.000	0.000	30.000	30.000	32.090	32.090	0.000
1256.000	0.000	30.000	30.000	32.120	32.120	0.000
1257.000	0.000	30.000	30.000	32.080	32.080	0.000
1258.000	0.000	30.000	30.000	32.080	32.080	0.000
1259.000	0.000	30.000	30.000	32.060	32.060	0.000
1260.000	0.000	30.000	30.000	32.040	32.040	0.000
1261.000	0.000	30.000	30.000	32.030	32.030	0.000
1262.000	0.000	30.000	30.000	32.030	32.030	0.000
1263.000	0.000	30.000	30.000	31.970	31.970	0.000
1264.000	0.000	30.000	30.000	31.870	31.870	0.000
1265.000	0.000	30.000	30.000	31.910	31.910	0.000
1266.000	0.000	30.000	30.000	31.880	31.880	0.000
1267.000	0.000	30.000	30.000	31.860	31.860	0.000
1268.000	0.000	30.000	30.000	31.830	31.830	0.000
1269.000	0.000	30.000	30.000	31.790	31.790	0.000
